-0.70354
-0.66347
-0.60985
-0.56499
-0.54191
-0.53609
-0.53503
-0.53312
-0.53338
-0.53737
-0.54111
-0.54117
-0.53858
-0.53735
-0.54034
-0.54347
-0.53621
-0.51076
-0.46683
-0.40786
-0.33826
-0.26441
-0.19254
-0.12517
-0.063685
-0.015153
0.0086473
0.0028758
-0.02212
-0.047238
-0.06044
-0.067325
-0.085245
-0.12641
-0.18723
-0.2509
-0.29787
-0.31604
-0.30412
-0.26761
-0.21176
-0.13848
-0.051051
0.041533
0.13121
0.21931
0.31152
0.40661
0.49616
0.57297
0.63361
0.67533
0.69802
0.70968
0.72321
0.74413
0.76295
0.76408
0.74313
0.71291
0.69236
0.69045
0.70101
0.71032
0.70471
0.67334
0.60997
0.51695
0.41158
0.32357
0.27678
0.27124
0.28268
0.27973
0.2484
0.20461
0.17913
0.18986
0.23241
0.29027
0.34539
0.38475
0.4057
0.41632
0.42878
0.4509
0.48194
0.51488
0.54108
0.55334
0.54691
0.52089
0.48212
0.44336
0.4113
0.38072
0.34446
0.3032
0.26331
0.22697
0.18573
0.12894
0.059282
-0.0078719
-0.060228
-0.096454
-0.12151
-0.14196
-0.1648
-0.1965
-0.24082
-0.29693
-0.3593
-0.41767
-0.45863
-0.47267
-0.46045
-0.43263
-0.40329
-0.37929
-0.35571
-0.32492
-0.28926
-0.2607
-0.24707
-0.24556
-0.24955
-0.2511
-0.23842
-0.20321
-0.14997
-0.093993
-0.052178
-0.034066
-0.037335
-0.049671
-0.056137
-0.048837
-0.031854
-0.016908
-0.01611
-0.036795
-0.076181
-0.1219
-0.16242
-0.19348
-0.2128
-0.21649
-0.20467
-0.18261
-0.15256
-0.11148
-0.057941
0.0036786
0.065609
0.12192
0.16824
0.19535
0.19198
0.15924
0.11551
0.084358
0.080763
0.10731
0.15639
0.21203
0.2538
0.26665
0.25087
0.22363
0.20954
0.22281
0.25495
0.28428
0.29519
0.28226
0.24561
0.1927
0.13864
0.094787
0.056668
0.0064688
-0.070291
-0.16978
-0.27416
-0.36889
-0.45056
-0.52245
-0.58803
-0.64515
-0.68671
-0.71006
-0.72048
-0.72527
-0.73045
-0.73976
-0.75138
-0.75771
-0.7502
-0.72355
-0.67514
-0.60447
-0.51713
-0.42619
-0.34659
-0.28989
-0.25994
-0.24726
-0.23164
-0.19856
-0.15269
-0.11
-0.078004
-0.050766
-0.024873
-0.011309
-0.025484
-0.071352
-0.13924
-0.21294
-0.27578
-0.3153
-0.32643
-0.31323
-0.28705
-0.26
-0.23985
-0.22951
-0.22738
-0.22774
-0.22184
-0.20307
-0.17446
-0.14674
-0.12658
-0.11319
-0.10579
-0.10645
-0.11594
-0.13209
-0.15022
-0.16304
-0.16476
-0.1565
-0.14374
-0.12812
-0.10435
-0.067375
-0.019287
0.033602
0.085386
0.12952
0.15853
0.16996
0.17296
0.18373
0.2115
0.25177
0.29245
0.32442
0.3481
0.3724
0.40928
0.468
0.54727
0.62984
0.69172
0.72064
0.72012
0.6987
0.66444
0.62521
0.58523
0.54447
0.50379
0.46635
0.43349
0.40221
0.36824
0.33125
0.29767
0.27903
0.28569
0.31964
0.37319
0.43427
0.4912
0.53397
0.55766
0.56621
0.5679
0.56604
0.55498
0.5264
0.47858
0.41644
0.34432
0.26248
0.17122
0.077012
-0.0089634
-0.080527
-0.13908
-0.1825
-0.2009
-0.19075
-0.16659
-0.15285
-0.16471
-0.19515
-0.22
-0.2174
-0.1814
-0.11849
-0.038296
0.05111
0.14315
0.2323
0.31511
0.38836
0.44493
0.47609
0.47654
0.44568
0.39127
0.33092
0.27859
0.23029
0.17258
0.10252
0.030697
-0.032469
-0.084647
-0.12712
-0.15879
-0.17592
-0.17763
-0.17145
-0.16913
-0.17516
-0.18354
-0.18709
-0.18565
-0.18322
-0.17923
-0.1647
-0.1307
-0.082588
-0.041
-0.02519
-0.036872
-0.060024
-0.07674
-0.08437
-0.095911
-0.1255
-0.17706
-0.24356
-0.31201
-0.37012
-0.41206
-0.44056
-0.46217
-0.47827
-0.48444
-0.47958
-0.46909
-0.45762
-0.44321
-0.42088
-0.39087
-0.36092
-0.34029
-0.33223
-0.33035
-0.3227
-0.30168
-0.2697
-0.23433
-0.20174
-0.1751
-0.15167
-0.1227
-0.083679
-0.039355
0.0050152
0.049566
0.095807
0.14308
0.19
0.23697
0.28573
0.33454
0.37435
0.3932
0.38711
0.36435
0.33738
0.31254
0.2875
0.2591
0.23283
0.21965
0.22354
0.23637
0.24608
0.24776
0.24498
0.24223
0.23989
0.2359
0.22924
0.22081
0.21215
0.2033
0.19258
0.17797
0.15603
0.11932
0.060409
-0.015101
-0.086081
-0.13743
-0.17605
-0.21434
-0.24966
-0.27178
-0.28048
-0.28516
-0.29186
-0.29807
-0.29699
-0.28324
-0.25693
-0.22313
-0.18588
-0.14427
-0.095926
-0.042836
0.0088152
0.052778
0.085202
0.10719
0.12575
0.14829
0.17465
0.19433
0.19368
0.16767
0.12093
0.059578
-0.010052
-0.077446
-0.13123
-0.16626
-0.18579
-0.20036
-0.22301
-0.25868
-0.29807
-0.32659
-0.33932
-0.34351
-0.34749
-0.35211
-0.35371
-0.35053
-0.34202
-0.32545
-0.29852
-0.26333
-0.22198
-0.17141
-0.1072
-0.030693
0.050054
0.12721
0.19848
0.26155
0.30835
0.33251
0.33808
0.3349
0.33116
0.33157
0.33425
0.33153
0.32073
0.30954
0.30739
0.31528
0.32661
0.33523
0.33768
0.33166
0.32055
0.31529
0.32205
0.33151
0.32792
0.30596
0.27408
0.24457
0.22317
0.20536
0.18115
0.14603
0.10621
0.071714
0.048501
0.038179
0.039527
0.047757
0.056159
0.059843
0.05759
0.052112
0.048651
0.052755
0.069042
0.098013
0.13
0.14532
0.12868
0.085367
0.037963
0.0064104
-0.0061525
-0.010465
-0.017593
-0.029766
-0.042449
-0.048802
-0.040094
-0.0086473
0.041901
0.091782
0.11985
0.12378
0.12163
0.13336
0.16074
0.18638
0.19223
0.17498
0.14549
0.1165
0.090574
0.061528
0.02499
-0.016941
-0.058536
-0.093519
-0.11799
-0.13162
-0.13463
-0.12799
-0.11803
-0.11512
-0.1286
-0.16301
-0.21547
-0.27795
-0.34189
-0.3993
-0.44392
-0.47344
-0.49097
-0.50366
-0.51497
-0.51974
-0.51064
-0.48724
-0.45709
-0.43031
-0.41105
-0.39087
-0.35315
-0.2889
-0.20583
-0.11999
-0.04524
0.009299
0.038602
0.040662
0.019959
-0.0075725
-0.022535
-0.016581
0.0058718
0.036162
0.068019
0.099448
0.12906
0.15119
0.15938
0.1542
0.14121
0.12104
0.088725
0.045694
0.0043948
-0.025285
-0.047629
-0.072513
-0.10399
-0.14387
-0.19478
-0.25235
-0.30506
-0.34745
-0.38654
-0.43277
-0.48706
-0.53839
-0.57634
-0.60289
-0.6273
-0.65397
-0.68109
-0.70527
-0.72177
-0.72471
-0.71208
-0.68958
-0.66772
-0.6533
-0.64282
-0.62594
-0.59308
-0.53927
-0.46837
-0.39495
-0.3354
-0.29566
-0.26718
-0.23286
-0.17937
-0.10592
-0.023161
0.054827
0.11943
0.16857
0.20038
0.21306
0.21195
0.20921
0.21434
0.22787
0.24359
0.25589
0.26372
0.26607
0.25756
0.2347
0.20376
0.17599
0.15701
0.14285
0.12529
0.10223
0.080944
0.06808
0.060274
0.049174
0.032771
0.016582
0.0059154
0.0030457
0.010626
0.031894
0.065493
0.10428
0.14265
0.17988
0.21402
0.24038
0.25875
0.27518
0.29392
0.31316
0.32895
0.33791
0.33806
0.33144
0.32243
0.31219
0.29759
0.27228
0.2279
0.16049
0.076168
-0.012152
-0.092146
-0.1563
-0.20156
-0.22794
-0.23888
-0.23961
-0.23394
-0.22483
-0.21531
-0.20678
-0.19909
-0.19035
-0.17653
-0.15602
-0.13155
-0.10588
-0.079524
-0.050827
-0.016031
0.027286
0.074712
0.11492
0.13921
0.1534
0.1772
0.22849
0.30837
0.40033
0.481
0.53288
0.55255
0.55071
0.54363
0.54207
0.54468
0.54056
0.51993
0.48311
0.43871
0.39551
0.35876
0.33093
0.31346
0.30999
0.32441
0.35201
0.37853
0.39165
0.39048
0.38514
0.38881
0.40664
0.43325
0.4643
0.50327
0.55051
0.59167
0.60474
0.57722
0.5144
0.43439
0.35849
0.30212
0.26823
0.24781
0.22737
0.19602
0.14729
0.081199
0.0090034
-0.050646
-0.086651
-0.102
-0.105
-0.10174
-0.094955
-0.082936
-0.060866
-0.026714
0.015641
0.058484
0.092727
0.11073
0.11128
0.10016
0.084359
0.068444
0.056329
0.054655
0.071488
0.10729
0.1491
0.17887
0.18921
0.18926
0.19345
0.20828
0.23321
0.26933
0.31923
0.38048
0.44516
0.5054
0.55721
0.60089
0.63865
0.67131
0.6972
0.71319
0.71339
0.68534
0.61444
0.50416
0.38769
0.30394
0.26234
0.24189
0.21761
0.17739
0.12205
0.062552
0.013529
-0.022853
-0.066185
-0.14051
-0.24838
-0.36736
-0.46745
-0.5287
-0.54908
-0.54095
-0.51951
-0.49458
-0.47037
-0.44762
-0.42449
-0.39537
-0.35198
-0.29111
-0.21961
-0.14796
-0.081249
-0.021574
0.024345
0.049151
0.055054
0.053724
0.057693
0.070831
0.081758
0.071757
0.035916
-0.008752
-0.037808
-0.035367
3.5522e-005
0.055109
0.10915
0.14586
0.1579
0.14528
0.11434
0.07473
0.034002
-0.0028375
-0.030545
-0.046917
-0.058779
-0.08125
-0.12949
-0.20762
-0.30338
-0.39565
-0.46777
-0.51412
-0.53847
-0.54835
-0.55195
-0.55624
-0.5612
-0.55977
-0.54987
-0.54191
-0.55095
-0.58216
-0.62502
-0.66383
-0.69319
-0.72226
-0.76485
-0.8236
-0.88361
-0.92506
-0.93856
-0.92542
-0.89022
-0.83789
-0.7752
-0.71129
-0.65415
-0.6082
-0.57496
-0.55018
-0.52304
-0.48701
-0.4487
-0.42052
-0.40808
-0.40666
-0.40559
-0.39306
-0.35992
-0.30608
-0.24499
-0.19834
-0.18308
-0.19988
-0.23346
-0.26369
-0.27536
-0.26523
-0.24604
-0.23643
-0.2463
-0.27733
-0.32929
-0.39776
-0.47151
-0.53598
-0.57644
-0.58224
-0.55684
-0.52056
-0.49689
-0.49688
-0.51765
-0.55034
-0.58641
-0.6205
-0.65047
-0.67383
-0.68746
-0.69419
-0.70458
-0.72686
-0.7576
-0.78881
-0.82147
-0.86184
-0.9052
-0.93348
-0.93059
-0.89636
-0.84486
-0.79141
-0.74416
-0.70706
-0.68573
-0.68434
-0.69511
-0.69902
-0.68281
-0.6508
-0.61671
-0.58726
-0.55651
-0.51523
-0.46224
-0.40573
-0.35701
-0.32342
-0.30227
-0.28141
-0.2497
-0.20615
-0.15521
-0.098411
-0.0361
0.028225
0.089986
0.14606
0.19482
0.23527
0.26566
0.28393
0.29216
0.3014
0.32657
0.37142
0.42257
0.46247
0.48537
0.49971
0.51736
0.54197
0.56743
0.58588
0.59634
0.60583
0.62258
0.65187
0.69861
0.76538
0.84463
0.91918
0.97583
1.0162
1.0523
1.0959
1.1539
1.2237
1.295
1.3574
1.4061
1.4395
1.4574
1.4623
1.4596
1.4545
1.4487
1.443
1.4393
1.4427
1.4583
1.4847
1.5132
1.5347
1.5463
1.5524
1.5595
1.5691
1.5773
1.5799
1.578
1.5756
1.5711
1.5525
1.5085
1.4417
1.3655
1.2896
1.2162
1.1472
1.0873
1.038
0.99095
0.93443
0.86697
0.80022
0.74611
0.70861
0.68483
0.66635
0.64352
0.61179
0.57188
0.5271
0.48156
0.43724
0.39175
0.34079
0.28326
0.22293
0.16337
0.10238
0.035557
-0.03556
-0.10345
-0.16106
-0.20526
-0.23608
-0.25393
-0.25781
-0.24916
-0.23616
-0.2297
-0.23388
-0.24131
-0.23855
-0.21579
-0.1718
-0.11191
-0.044598
0.019256
0.0704
0.10683
0.13042
0.14071
0.13551
0.11403
0.078957
0.037592
-0.00018156
-0.02814
-0.046871
-0.059079
-0.066709
-0.073786
-0.085899
-0.10573
-0.12986
-0.14961
-0.15935
-0.16472
-0.17819
-0.20915
-0.26157
-0.33435
-0.41978
-0.50642
-0.58621
-0.65842
-0.72807
-0.80192
-0.88421
-0.97335
-1.0613
-1.1383
-1.1985
-1.2379
-1.2516
-1.2355
-1.1949
-1.1473
-1.1114
-1.0917
-1.079
-1.0613
-1.0317
-0.99361
-0.95816
-0.9339
-0.9213
-0.91921
-0.92994
-0.95446
-0.98564
-1.009
-1.0127
-0.9972
-0.97458
-0.96075
-0.96531
-0.98767
-1.0231
-1.0665
-1.1089
-1.1411
-1.1603
-1.1708
-1.1795
-1.1931
-1.2144
-1.2412
-1.2685
-1.2909
-1.3057
-1.3129
-1.3141
-1.308
-1.2875
-1.246
-1.1867
-1.1226
-1.068
-1.0305
-1.0069
-0.98473
-0.95241
-0.90655
-0.85185
-0.7925
-0.72436
-0.6414
-0.54596
-0.44716
-0.35589
-0.28294
-0.23282
-0.1961
-0.15547
-0.10186
-0.039152
0.023307
0.077407
0.12002
0.15431
0.18876
0.23403
0.2952
0.36653
0.43887
0.51184
0.59346
0.68875
0.79386
0.90117
1.0045
1.0992
1.1828
1.2556
1.3162
1.36
1.3874
1.4069
1.4269
1.449
1.4706
1.4875
1.4927
1.4846
1.4762
1.4899
1.5379
1.6094
1.679
1.7279
1.7532
1.7616
1.7636
1.7695
1.7825
1.7933
1.7875
1.7559
1.7033
1.6483
1.6131
1.6078
1.6244
1.6429
1.646
1.6297
1.6013
1.5709
1.5458
1.5304
1.5267
1.5318
1.5353
1.5224
1.4854
1.4304
1.3721
1.3254
1.3025
1.3095
1.3408
1.3806
1.4134
1.4306
1.4312
1.421
1.4072
1.3914
1.3719
1.3482
1.3244
1.3045
1.2865
1.2604
1.2141
1.1436
1.0569
0.9659
0.874
0.77652
0.67014
0.55648
0.44048
0.32818
0.22329
0.1262
0.036057
-0.048572
-0.12975
-0.21026
-0.291
-0.3659
-0.42616
-0.47244
-0.51573
-0.56567
-0.62232
-0.67826
-0.72752
-0.77306
-0.82228
-0.8746
-0.92013
-0.95358
-0.98256
-1.0179
-1.062
-1.1109
-1.16
-1.205
-1.2443
-1.2833
-1.329
-1.3787
-1.4212
-1.4486
-1.4613
-1.4635
-1.4612
-1.4642
-1.4821
-1.5156
-1.5592
-1.6105
-1.6727
-1.7504
-1.8423
-1.9369
-2.0179
-2.0764
-2.1136
-2.1318
-2.1336
-2.1285
-2.1309
-2.1479
-2.1758
-2.2042
-2.227
-2.2473
-2.2725
-2.307
-2.3474
-2.3851
-2.4144
-2.4365
-2.4579
-2.4859
-2.5251
-2.572
-2.6175
-2.6532
-2.6739
-2.6805
-2.684
-2.7008
-2.7401
-2.7953
-2.8468
-2.8743
-2.8682
-2.8315
-2.773
-2.7019
-2.6273
-2.5584
-2.4997
-2.4471
-2.3919
-2.3276
-2.2505
-2.1617
-2.0743
-2.0096
-1.9804
-1.9761
-1.9726
-1.9474
-1.889
-1.8032
-1.7079
-1.6165
-1.5305
-1.4486
-1.3712
-1.2944
-1.2068
-1.0942
-0.95047
-0.78563
-0.6228
-0.47825
-0.3463
-0.20856
-0.054806
0.10931
0.26883
0.40607
0.507
0.57075
0.61054
0.6421
0.6754
0.71507
0.76013
0.80426
0.84234
0.87635
0.91502
0.97047
1.0514
1.1546
1.2645
1.3653
1.455
1.5451
1.6448
1.7483
1.8385
1.9004
1.9327
1.9483
1.9663
1.9999
2.0507
2.1115
2.1719
2.2243
2.2689
2.3148
2.3732
2.4475
2.5331
2.6201
2.6963
2.7512
2.7796
2.7823
2.7656
2.7404
2.7193
2.7118
2.7217
2.7453
2.772
2.7883
2.7873
2.7714
2.7478
2.724
2.7035
2.6823
2.6545
2.6206
2.5873
2.5579
2.5284
2.495
2.4619
2.4377
2.4287
2.4377
2.4644
2.5032
2.5384
2.5478
2.5187
2.4585
2.3848
2.3083
2.2313
2.1556
2.0847
2.0207
1.9631
1.9066
1.8418
1.758
1.6519
1.533
1.4191
1.3241
1.2487
1.1841
1.1228
1.0623
1.0023
0.94432
0.89402
0.8581
0.83682
0.81974
0.7916
0.7448
0.68204
0.6059
0.51644
0.42207
0.33931
0.27705
0.22894
0.18256
0.13142
0.076502
0.021314
-0.03126
-0.082901
-0.14286
-0.22031
-0.31383
-0.41148
-0.49836
-0.5663
-0.61845
-0.66208
-0.70187
-0.74246
-0.7902
-0.84754
-0.90632
-0.94996
-0.96453
-0.94777
-0.91026
-0.86819
-0.8319
-0.80452
-0.79198
-0.80201
-0.8304
-0.85987
-0.87638
-0.8807
-0.88205
-0.88479
-0.88534
-0.87908
-0.86518
-0.84585
-0.82392
-0.8003
-0.77175
-0.73401
-0.69055
-0.6539
-0.63684
-0.64596
-0.68157
-0.73882
-0.81079
-0.89356
-0.98504
-1.0794
-1.1698
-1.2549
-1.3366
-1.4127
-1.4768
-1.5243
-1.554
-1.5661
-1.5614
-1.5438
-1.5211
-1.5013
-1.4855
-1.4665
-1.4374
-1.4006
-1.3657
-1.3364
-1.3043
-1.2584
-1.2008
-1.1487
-1.1174
-1.1083
-1.1167
-1.1407
-1.1759
-1.2107
-1.2339
-1.2482
-1.2685
-1.3049
-1.351
-1.3886
-1.4004
-1.3789
-1.3284
-1.2623
-1.1962
-1.1458
-1.1206
-1.1135
-1.1023
-1.0677
-1.0074
-0.93508
-0.86952
-0.82075
-0.7877
-0.76749
-0.75705
-0.74775
-0.72952
-0.70029
-0.66835
-0.64374
-0.62384
-0.59383
-0.5444
-0.47929
-0.40566
-0.32488
-0.23355
-0.13228
-0.029532
0.064473
0.14073
0.18894
0.2031
0.19156
0.17363
0.16352
0.16342
0.17237
0.19308
0.22699
0.26699
0.29948
0.31702
0.32524
0.33393
0.34647
0.3615
0.37777
0.39342
0.4054
0.41369
0.42507
0.44829
0.48468
0.52752
0.56907
0.60538
0.63626
0.6615
0.67722
0.68006
0.6752
0.67515
0.69003
0.72113
0.75975
0.79155
0.80738
0.80924
0.80201
0.78255
0.7426
0.68241
0.61476
0.55422
0.51045
0.48993
0.49282
0.50877
0.5249
0.53749
0.54991
0.56412
0.5828
0.61214
0.65207
0.69218
0.72205
0.73812
0.74385
0.74869
0.75992
0.77186
0.7679
0.73446
0.67155
0.5919
0.51099
0.43912
0.38041
0.33317
0.29127
0.24699
0.19274
0.12642
0.05729
-0.00014426
-0.037744
-0.058049
-0.071227
-0.08582
-0.098783
-0.098851
-0.082403
-0.061422
-0.05377
-0.068645
-0.10139
-0.14016
-0.17836
-0.21928
-0.26671
-0.31602
-0.35818
-0.38815
-0.4056
-0.41046
-0.40311
-0.38708
-0.36796
-0.35115
-0.34059
-0.33634
-0.33277
-0.3216
-0.29791
-0.26072
-0.20928
-0.14541
-0.075854
-0.0054546
0.065429
0.13248
0.18624
0.22249
0.24669
0.26853
0.29437
0.32278
0.34737
0.36353
0.37104
0.37075
0.35905
0.32841
0.2774
0.21671
0.16155
0.12126
0.094823
0.073983
0.0531
0.032685
0.013252
-0.0045044
-0.015721
-0.01693
-0.011465
-0.0051304
-0.0012017
0.00023484
0.00073148
0.00010937
-0.0042016
-0.014177
-0.032145
-0.062238
-0.10505
-0.15567
-0.21019
-0.26756
-0.32556
-0.37934
-0.42146
-0.44629
-0.45718
-0.46133
-0.45777
-0.44071
-0.412
-0.3833
-0.36816
-0.37262
-0.39087
-0.41181
-0.4281
-0.43578
-0.43239
-0.41986
-0.40148
-0.37605
-0.34388
-0.31601
-0.30946
-0.33316
-0.38081
-0.4369
-0.48713
-0.52367
-0.54566
-0.55796
-0.56806
-0.58332
-0.61091
-0.65646
-0.71642
-0.77443
-0.81352
-0.82789
-0.82055
-0.79857
-0.76975
-0.73611
-0.69313
-0.63847
-0.57803
-0.52041
-0.46655
-0.40729
-0.32947
-0.22348
-0.089407
0.062235
0.21455
0.34757
0.44447
0.50049
0.52321
0.52345
0.51086
0.49785
0.49828
0.51829
0.55461
0.60085
0.64876
0.68633
0.70258
0.69352
0.66188
0.61742
0.5776
0.55769
0.55579
0.55296
0.53045
0.48429
0.42385
0.36099
0.30079
0.24015
0.17434
0.10266
0.027843
-0.044684
-0.10677
-0.15228
-0.18205
-0.20099
-0.21134
-0.21008
-0.19171
-0.1546
-0.10548
-0.055987
-0.015362
0.012424
0.027559
0.03329
0.035568
0.04102
0.05281
0.06883
0.084126
0.094097
0.09698
0.09432
0.087465
0.073771
0.048086
0.010405
-0.028972
-0.056926
-0.069458
-0.072247
-0.072411
-0.073195
-0.072581
-0.063586
-0.037416
0.012273
0.085181
0.17073
0.25095
0.31076
0.34714
0.37057
0.39538
0.42494
0.44916
0.45872
0.4595
0.46712
0.48581
0.50092
0.49508
0.46401
0.41748
0.37194
0.34018
0.32576
0.3257
0.33253
0.3358
0.32872
0.31428
0.30334
0.30504
0.31853
0.33462
0.34567
0.35317
0.3638
0.38196
0.40866
0.44305
0.4832
0.52819
0.57865
0.63349
0.68457
0.71362
0.70308
0.65596
0.59821
0.55841
0.54695
0.55176
0.55193
0.5358
0.50573
0.46978
0.43601
0.41188
0.40141
0.40045
0.39667
0.37692
0.33385
0.26429
0.16877
0.056079
-0.058925
-0.16473
-0.25497
-0.32209
-0.35872
-0.36903
-0.37225
-0.38973
-0.4294
-0.48149
-0.52474
-0.53883
-0.51784
-0.47368
-0.42644
-0.39199
-0.37648
-0.37804
-0.39185
-0.41374
-0.43936
-0.46333
-0.48264
-0.49873
-0.51266
-0.51917
-0.512
-0.49651
-0.48879
-0.49845
-0.51818
-0.53347
-0.53547
-0.52162
-0.49302
-0.45709
-0.42706
-0.41208
-0.40858
-0.40338
-0.38276
-0.33823
-0.27075
-0.19308
-0.1253
-0.086262
-0.085371
-0.11608
-0.1562
-0.18096
-0.18056
-0.16603
-0.15853
-0.17142
-0.20081
-0.23198
-0.25337
-0.26248
-0.25919
-0.24005
-0.20451
-0.16199
-0.12597
-0.10177
-0.085082
-0.071362
-0.061788
-0.061361
-0.073594
-0.094326
-0.11078
-0.10864
-0.079623
-0.02485
0.045319
0.1167
0.1784
0.22421
0.24948
0.25222
0.23872
0.22344
0.21947
0.22972
0.24824
0.26731
0.27865
0.27136
0.23805
0.18105
0.10773
0.025882
-0.053086
-0.11465
-0.15003
-0.16299
-0.16765
-0.17724
-0.19247
-0.2024
-0.19721
-0.17827
-0.15649
-0.14334
-0.14364
-0.15465
-0.1701
-0.18421
-0.19304
-0.19622
-0.19792
-0.20279
-0.21027
-0.21374
-0.20505
-0.18173
-0.15134
-0.12488
-0.10448
-0.083736
-0.059949
-0.035666
-0.009354
0.024656
0.068371
0.12018
0.18077
0.24963
0.31404
0.34984
0.34056
0.29711
0.25368
0.23783
0.24639
0.25374
0.23879
0.20021
0.15075
0.10496
0.072869
0.058455
0.058247
0.062401
0.063454
0.064685
0.074924
0.094883
0.11225
0.11301
0.097111
0.078926
0.073669
0.087859
0.11922
0.15899
0.19614
0.22497
0.24857
0.27217
0.29467
0.31103
0.31967
0.3225
0.32302
0.32769
0.34225
0.3619
0.37091
0.35852
0.33064
0.30052
0.27247
0.23888
0.19104
0.13058
0.069164
0.017497
-0.022659
-0.053445
-0.073466
-0.081757
-0.085598
-0.0999
-0.13674
-0.19175
-0.24333
-0.27027
-0.26835
-0.24972
-0.22935
-0.21237
-0.19414
-0.17061
-0.14416
-0.12044
-0.10571
-0.10645
-0.12402
-0.14824
-0.16104
-0.14772
-0.10454
-0.040004
0.027338
0.075138
0.088619
0.06935
0.033308
0.0014968
-0.011781
-0.0075608
0.0017542
0.0060629
0.0059664
0.010113
0.025367
0.047319
0.063441
0.066899
0.061771
0.058354
0.070165
0.10807
0.16882
0.23206
0.27274
0.27868
0.25926
0.23708
0.22879
0.23387
0.24159
0.2451
0.2444
0.23939
0.22917
0.21848
0.2158
0.22112
0.22045
0.1961
0.14035
0.06015
-0.02585
-0.09704
-0.1441
-0.17374
-0.20021
-0.23367
-0.27397
-0.31127
-0.33481
-0.34264
-0.34018
-0.33025
-0.30919
-0.27357
-0.22804
-0.18306
-0.14723
-0.12596
-0.12204
-0.13195
-0.14841
-0.17055
-0.20314
-0.24437
-0.28325
-0.30923
-0.3207
-0.32454
-0.32671
-0.32515
-0.31558
-0.299
-0.27954
-0.26053
-0.24449
-0.2342
-0.23413
-0.24915
-0.27968
-0.31787
-0.34886
-0.35916
-0.34583
-0.31558
-0.27759
-0.23941
-0.20448
-0.17182
-0.14079
-0.11473
-0.09712
-0.085191
-0.070734
-0.048357
-0.020915
0.0051437
0.028293
0.053144
0.084466
0.12038
0.14999
0.16094
0.15213
0.13574
0.12592
0.12817
0.1376
0.14406
0.14039
0.129
0.12107
0.12695
0.14636
0.17001
0.18907
0.19882
0.19554
0.17485
0.1347
0.078807
0.016521
-0.040602
-0.08544
-0.12165
-0.16063
-0.21004
-0.26746
-0.3253
-0.37749
-0.41855
-0.44157
-0.44445
-0.4334
-0.41583
-0.39606
-0.37829
-0.36692
-0.36227
-0.3597
-0.35405
-0.34166
-0.31951
-0.28576
-0.24071
-0.1873
-0.13334
-0.090958
-0.068924
-0.064907
-0.066764
-0.059854
-0.03258
0.018324
0.082947
0.14122
0.1744
0.17668
0.15648
0.12776
0.10323
0.091215
0.091969
0.098193
0.10208
0.10266
0.10482
0.10972
0.11044
0.099556
0.076333
0.046717
0.021836
0.014466
0.030761
0.064901
0.1041
0.14011
0.17551
0.21766
0.26905
0.32674
0.38472
0.43129
0.45311
0.44918
0.43401
0.42193
0.41379
0.40163
0.38201
0.36157
0.35081
0.3547
0.36897
0.38352
0.39078
0.39338
0.40019
0.41539
0.43435
0.44912
0.45817
0.46785
0.47928
0.48051
0.45919
0.41671
0.36289
0.30208
0.23302
0.15831
0.085583
0.023048
-0.023372
-0.055031
-0.081895
-0.11273
-0.14712
-0.17972
-0.20702
-0.22893
-0.24761
-0.26253
-0.2642
-0.23938
-0.18639
-0.12106
-0.065157
-0.031354
-0.020427
-0.028443
-0.051282
-0.082462
-0.11071
-0.12231
-0.10868
-0.075115
-0.040008
-0.021702
-0.026386
-0.047112
-0.06917
-0.078346
-0.069938
-0.048494
-0.017777
0.023829
0.078776
0.14576
0.21696
0.27858
0.3182
0.33112
0.31969
0.29149
0.25603
0.21558
0.16399
0.10013
0.03477
-0.021224
-0.0672
-0.10764
-0.14251
-0.16537
-0.17059
-0.15952
-0.13806
-0.11261
-0.087766
-0.063145
-0.033663
0.0044808
0.051663
0.10704
0.16601
0.21774
0.25044
0.25836
0.24444
0.21786
0.1879
0.1597
0.13507
0.11707
0.11276
0.1283
0.16244
0.20962
0.26668
0.33148
0.3976
0.454
0.49046
0.50452
0.50181
0.48855
0.46893
0.45025
0.4405
0.4377
0.42938
0.40492
0.3634
0.30902
0.2461
0.18039
0.11724
0.055556
-0.0096896
-0.077586
-0.14055
-0.19455
-0.24381
-0.29327
-0.3409
-0.38029
-0.40922
-0.43306
-0.46073
-0.49896
-0.54836
-0.60104
-0.64394
-0.66845
-0.67532
-0.66974
-0.65588
-0.63648
-0.61435
-0.59384
-0.58091
-0.57981
-0.58771
-0.59362
-0.58741
-0.56875
-0.54408
-0.52012
-0.5041
-0.50299
-0.51727
-0.5382
-0.55519
-0.5639
-0.56469
-0.55782
-0.54526
-0.5335
-0.52826
-0.525
-0.5076
-0.45982
-0.37871
-0.27624
-0.17135
-0.082627
-0.022629
0.0075466
0.017571
0.019784
0.020422
0.014902
-0.0069956
-0.046441
-0.089961
-0.12188
-0.13651
-0.13766
-0.13284
-0.12908
-0.13088
-0.13868
-0.1481
-0.15446
-0.15799
-0.16035
-0.15898
-0.14887
-0.12567
-0.087402
-0.038268
0.010114
0.045939
0.067005
0.084081
0.1168
0.18273
0.28389
0.40281
0.51223
0.59032
0.63105
0.64289
0.63886
0.6285
0.61617
0.60207
0.58265
0.55274
0.51038
0.46033
0.4124
0.37456
0.34731
0.32702
0.31185
0.30057
0.29018
0.27662
0.25474
0.22191
0.18389
0.15225
0.13437
0.12857
0.12865
0.12919
0.12676
0.12219
0.12084
0.12633
0.13673
0.14664
0.14796
0.13499
0.11499
0.10592
0.11937
0.14961
0.17947
0.1942
0.19154
0.18166
0.17693
0.18018
0.18514
0.18594
0.18243
0.17784
0.17466
0.17303
0.17161
0.16798
0.15836
0.14106
0.1206
0.10518
0.099636
0.102
0.10774
0.1145
0.11974
0.11806
0.10488
0.079138
0.040807
-0.0089244
-0.062013
-0.10473
-0.12903
-0.13833
-0.14184
-0.14939
-0.1725
-0.22166
-0.29464
-0.37145
-0.4285
-0.45698
-0.46317
-0.45574
-0.44085
-0.42554
-0.41549
-0.40846
-0.39347
-0.3596
-0.30742
-0.24748
-0.18827
-0.13329
-0.083909
-0.037863
0.0074858
0.049335
0.085415
0.12273
0.16972
0.22272
0.2695
0.30183
0.31792
0.31666
0.29267
0.23825
0.15151
0.040777
-0.076421
-0.1774
-0.24466
-0.27849
-0.29746
-0.32237
-0.35945
-0.39905
-0.42565
-0.42786
-0.40398
-0.36183
-0.31442
-0.27467
-0.24889
-0.23023
-0.20183
-0.15265
-0.089994
-0.033166
0.0022359
0.011113
-0.0034623
-0.033111
-0.067704
-0.1016
-0.13747
-0.18171
-0.23482
-0.28727
-0.32444
-0.33502
-0.31649
-0.27409
-0.21709
-0.15743
-0.10627
-0.067803
-0.036149
-7.4388e-005
0.047409
0.10465
0.16463
0.21956
0.26709
0.31496
0.3716
0.43101
0.47535
0.48985
0.47107
0.42566
0.3621
0.28541
0.20328
0.13068
0.081474
0.058125
0.05133
0.047672
0.038164
0.021669
0.002059
-0.01569
-0.02669
-0.026767
-0.015178
0.0031377
0.021078
0.035691
0.048049
0.05891
0.06974
0.084954
0.10719
0.13279
0.15678
0.18002
0.20652
0.23497
0.25755
0.26823
0.26948
0.26862
0.27176
0.28405
0.31233
0.36291
0.43402
0.51097
0.57189
0.60061
0.59576
0.56736
0.52533
0.47337
0.41048
0.33681
0.26053
0.19393
0.14025
0.09265
0.04635
0.0029739
-0.033305
-0.057313
-0.066241
-0.063255
-0.054753
-0.046349
-0.041538
-0.041359
-0.045764
-0.055184
-0.069477
-0.086602
-0.10193
-0.10825
-0.10068
-0.082236
-0.063256
-0.057183
-0.073119
-0.10767
-0.14732
-0.18023
-0.20384
-0.22254
-0.24001
-0.25349
-0.25632
-0.24655
-0.22969
-0.21113
-0.18935
-0.15896
-0.11807
-0.071511
-0.026876
0.0095975
0.031634
0.033314
0.013084
-0.025549
-0.074845
-0.12347
-0.16188
-0.18794
-0.20433
-0.21464
-0.22413
-0.236
-0.24474
-0.23909
-0.21135
-0.16336
-0.10613
-0.052537
-0.0086053
0.028365
0.06374
0.098075
0.12508
0.13903
0.14353
0.14659
0.148
0.13902
0.1146
0.081511
0.054875
0.04669
0.056346
0.073825
0.090994
0.104
0.10916
0.10582
0.098085
0.087725
0.072293
0.052214
0.031852
0.014268
0.00011661
-0.01043
-0.017306
-0.021238
-0.024163
-0.029256
-0.041017
-0.063788
-0.097469
-0.1339
-0.1611
-0.17443
-0.17998
-0.18645
-0.20059
-0.22888
-0.2752
-0.33767
-0.41235
-0.49732
-0.58811
-0.67119
-0.72991
-0.75846
-0.76408
-0.75618
-0.73902
-0.71125
-0.66895
-0.61313
-0.55332
-0.49985
-0.4555
-0.41632
-0.37614
-0.32911
-0.27339
-0.21474
-0.16255
-0.1208
-0.083379
-0.03811
0.023549
0.099659
0.17959
0.25184
0.31022
0.35516
0.39342
0.43532
0.48629
0.54106
0.58739
0.6143
0.61762
0.5997
0.56428
0.51384
0.45343
0.39507
0.35372
0.33448
0.32342
0.29585
0.23721
0.15446
0.066388
-0.01452
-0.088147
-0.15716
-0.21759
-0.26265
-0.29152
-0.30852
-0.3157
-0.3118
-0.29888
-0.28676
-0.2873
-0.30381
-0.32739
-0.3418
-0.33119
-0.28617
-0.20635
-0.10226
0.0040923
0.089493
0.14701
0.18741
0.22167
0.25161
0.27786
0.30527
0.33669
0.36792
0.39153
0.40269
0.40295
0.40079
0.40306
0.40266
0.38214
0.3338
0.26998
0.21147
0.17043
0.1438
0.11975
0.088829
0.04817
-0.0017055
-0.059362
-0.12195
-0.18367
-0.23783
-0.28242
-0.31849
-0.34202
-0.34427
-0.3228
-0.28892
-0.26018
-0.24414
-0.23358
-0.21789
-0.19133
-0.15136
-0.099567
-0.04413
0.0063592
0.050254
0.089451
0.12051
0.13495
0.12803
0.10126
0.05899
0.0098069
-0.032366
-0.054756
-0.052933
-0.029854
0.010571
0.064991
0.12708
0.18777
0.23757
0.26846
0.28044
0.28555
0.29906
0.32535
0.35648
0.3841
0.40564
0.41999
0.42492
0.41758
0.39389
0.35009
0.28892
0.22422
0.17491
0.15067
0.14483
0.14297
0.13624
0.12586
0.11881
0.11973
0.12711
0.13722
0.14593
0.14529
0.12834
0.099157
0.070378
0.050774
0.039841
0.031449
0.016083
-0.017917
-0.07852
-0.16226
-0.25127
-0.32172
-0.35947
-0.36513
-0.345
-0.30357
-0.2451
-0.17844
-0.11847
-0.0805
-0.070933
-0.084886
-0.11205
-0.13943
-0.15081
-0.13458
-0.093854
-0.042577
0.0064836
0.047826
0.083037
0.11766
0.15612
0.19887
0.24336
0.28707
0.33017
0.37398
0.41692
0.45457
0.4832
0.50057
0.50436
0.49309
0.46627
0.42163
0.35815
0.28227
0.20443
0.13304
0.0764
0.042119
0.028356
0.022226
0.010401
-0.01316
-0.048971
-0.094791
-0.14739
-0.2056
-0.269
-0.33237
-0.38643
-0.42569
-0.45198
-0.47034
-0.48527
-0.49987
-0.51401
-0.5253
-0.53414
-0.54509
-0.5624
-0.58592
-0.60995
-0.62486
-0.62226
-0.59954
-0.55807
-0.49992
-0.42946
-0.35633
-0.29324
-0.24863
-0.22167
-0.20409
-0.1846
-0.15424
-0.11197
-0.065708
-0.025086
0.0086381
0.044515
0.092328
0.15055
0.20536
0.24412
0.26781
0.28774
0.31439
0.34993
0.38617
0.41188
0.42355
0.42597
0.42695
0.43357
0.44745
0.46321
0.47415
0.47738
0.47278
0.45928
0.43383
0.39605
0.3538
0.31856
0.29093
0.25436
0.18923
0.092184
-0.020518
-0.12361
-0.19528
-0.22649
-0.22301
-0.19964
-0.17219
-0.15055
-0.13625
-0.12626
-0.11769
-0.10874
-0.097508
-0.080301
-0.050055
0.0013396
0.074194
0.15594
0.22817
0.27698
0.29862
0.29912
0.28877
0.27663
0.26752
0.26163
0.25653
0.2467
0.2231
0.17958
0.1188
0.050742
-0.011577
-0.059937
-0.098921
-0.14156
-0.19601
-0.25872
-0.31894
-0.36976
-0.41305
-0.45173
-0.48391
-0.50639
-0.51776
-0.51749
-0.50651
-0.48809
-0.46576
-0.4393
-0.40398
-0.35626
-0.29977
-0.24404
-0.19666
-0.15577
-0.11242
-0.063403
-0.016518
0.021486
0.05343
0.083294
0.11001
0.1322
0.148
0.14935
0.12582
0.077192
0.019767
-0.020914
-0.025505
0.0064896
0.054162
0.086749
0.083199
0.042908
-0.018811
-0.08356
-0.14161
-0.1925
-0.23519
-0.26257
-0.26857
-0.2582
-0.24709
-0.25
-0.27093
-0.30294
-0.33478
-0.35854
-0.37243
-0.37878
-0.38211
-0.38673
-0.39365
-0.40243
-0.41431
-0.43046
-0.4515
-0.47913
-0.51257
-0.54663
-0.57653
-0.6005
-0.61601
-0.61641
-0.59236
-0.53801
-0.4578
-0.36507
-0.27234
-0.18636
-0.11003
-0.042122
0.021634
0.082398
0.13457
0.17
0.18514
0.18396
0.17507
0.16702
0.16633
0.17695
0.19972
0.23248
0.26916
0.29984
0.31532
0.31118
0.28858
0.2551
0.22389
0.2092
0.2216
0.26388
0.32649
0.38855
0.43036
0.4485
0.45618
0.46737
0.48253
0.4907
0.48235
0.45665
0.41933
0.37762
0.33583
0.29463
0.25376
0.21372
0.17853
0.15912
0.16617
0.19457
0.22149
0.22514
0.20247
0.16722
0.13563
0.11725
0.11563
0.1306
0.15704
0.186
0.20978
0.22442
0.23093
0.23807
0.25796
0.29267
0.32904
0.34932
0.34256
0.30704
0.24943
0.18204
0.11458
0.047481
-0.023419
-0.096726
-0.16064
-0.19852
-0.20265
-0.18273
-0.15965
-0.1508
-0.15951
-0.17813
-0.19856
-0.21722
-0.23243
-0.24038
-0.23529
-0.21453
-0.18152
-0.14286
-0.10326
-0.065576
-0.034929
-0.015561
-0.0018653
0.019644
0.055519
0.098331
0.13651
0.16499
0.18473
0.19708
0.20125
0.1987
0.19944
0.21525
0.24535
0.27711
0.29904
0.30505
0.29005
0.24922
0.18331
0.10305
0.024435
-0.038835
-0.077468
-0.088527
-0.076918
-0.049062
-0.0056406
0.054612
0.12414
0.18608
0.23022
0.26599
0.3124
0.37764
0.45353
0.52652
0.58877
0.639
0.67518
0.68853
0.66782
0.61231
0.53694
0.46176
0.39916
0.34866
0.29761
0.23122
0.14885
0.067485
0.0051804
-0.033575
-0.055564
-0.071397
-0.091293
-0.12042
-0.15632
-0.1921
-0.22013
-0.23517
-0.23942
-0.24265
-0.25478
-0.28058
-0.32017
-0.36958
-0.42246
-0.47355
-0.51913
-0.55367
-0.56701
-0.54939
-0.50301
-0.44216
-0.3789
-0.31762
-0.26342
-0.22522
-0.21038
-0.21911
-0.24148
-0.25999
-0.25754
-0.22526
-0.168
-0.10413
-0.054891
-0.029133
-0.019238
-0.012628
-0.0032964
0.0074833
0.016157
0.023136
0.035316
0.058423
0.087282
0.10883
0.11399
0.10289
0.082745
0.064098
0.054623
0.054857
0.061627
0.071724
0.081149
0.086887
0.091906
0.10406
0.12559
0.14627
0.15249
0.13988
0.11288
0.077879
0.041736
0.011866
-0.0058735
-0.0084693
0.0031952
0.024559
0.051475
0.083225
0.11908
0.15325
0.17593
0.17938
0.16353
0.13732
0.11301
0.097151
0.085778
0.066821
0.028465
-0.032936
-0.11075
-0.19168
-0.26294
-0.31729
-0.35165
-0.36449
-0.35987
-0.35134
-0.35394
-0.3704
-0.38893
-0.39469
-0.38245
-0.36098
-0.34564
-0.34243
-0.34036
-0.32337
-0.28647
-0.23761
-0.18788
-0.14267
-0.1026
-0.068957
-0.042904
-0.020449
0.0061177
0.03919
0.07204
0.096775
0.11175
0.11841
0.11429
0.093573
0.057083
0.017083
-0.013179
-0.030741
-0.038712
-0.036411
-0.021305
0.00097856
0.01557
0.0097117
-0.019005
-0.066467
-0.12735
-0.19431
-0.2585
-0.3153
-0.36448
-0.40227
-0.42042
-0.41564
-0.3951
-0.37232
-0.3616
-0.37185
-0.39789
-0.42039
-0.42018
-0.3919
-0.34363
-0.28784
-0.23501
-0.19138
-0.15597
-0.12057
-0.078429
-0.033119
0.004367
0.025639
0.029691
0.021418
0.0097347
0.0045236
0.010078
0.020566
0.02463
0.015232
-0.0053965
-0.028048
-0.042202
-0.04234
-0.032109
-0.021813
-0.02006
-0.027311
-0.036924
-0.043759
-0.050422
-0.060422
-0.070073
-0.073946
-0.071676
-0.064057
-0.049968
-0.029756
-0.0036035
0.032953
0.08266
0.13625
0.17576
0.18925
0.18042
0.1651
0.16027
0.17272
0.19524
0.21515
0.22663
0.23365
0.24094
0.24487
0.2391
0.22835
0.22845
0.2537
0.30933
0.39044
0.48192
0.56409
0.62486
0.66524
0.69243
0.71036
0.71503
0.69782
0.65672
0.60274
0.55108
0.50995
0.47948
0.45242
0.41206
0.34197
0.24509
0.14463
0.062663
0.0047423
-0.037309
-0.076563
-0.12184
-0.1705
-0.21124
-0.2342
-0.2365
-0.22096
-0.19413
-0.16419
-0.13757
-0.11723
-0.10319
-0.096386
-0.10504
-0.14067
-0.203
-0.27376
-0.32924
-0.35738
-0.36041
-0.34501
-0.31613
-0.27782
-0.23319
-0.18266
-0.12737
-0.07433
-0.033577
-0.010397
-0.001437
0.0027686
0.011052
0.026808
0.046633
0.061334
0.06334
0.054415
0.039541
0.016466
-0.017617
-0.053982
-0.077486
-0.078732
-0.058555
-0.025885
0.0087739
0.037414
0.05346
0.054089
0.04534
0.040241
0.049601
0.074824
0.11003
0.14984
0.19138
0.2297
0.25782
0.27387
0.28394
0.29659
0.31872
0.35395
0.39962
0.44783
0.48806
0.50637
0.48925
0.43198
0.34182
0.23549
0.13482
0.059676
0.017849
-7.7949e-005
-0.012527
-0.032607
-0.061093
-0.090641
-0.11444
-0.13017
-0.13705
-0.13325
-0.11962
-0.10388
-0.095385
-0.094822
-0.094306
-0.087648
-0.07504
-0.060626
-0.051217
-0.054602
-0.075687
-0.11383
-0.16308
-0.21569
-0.26686
-0.31695
-0.36846
-0.42005
-0.46498
-0.49666
-0.51271
-0.51437
-0.507
-0.49912
-0.49334
-0.47846
-0.44018
-0.38163
-0.3242
-0.28582
-0.26526
-0.24614
-0.20938
-0.14444
-0.056821
0.034572
0.11156
0.16793
0.20612
0.2281
0.2325
0.21717
0.18253
0.13452
0.084034
0.04136
0.011137
-0.007683
-0.019885
-0.030327
-0.039452
-0.045438
-0.048117
-0.046165
-0.037315
-0.024649
-0.01504
-0.0097885
-0.0019302
0.017479
0.051842
0.095342
0.1374
0.17142
0.19754
0.2194
0.23952
0.25547
0.26156
0.25444
0.23617
0.21409
0.2002
0.20795
0.24214
0.29106
0.33505
0.36347
0.38064
0.39595
0.41223
0.4289
0.45096
0.48306
0.52001
0.55379
0.58142
0.59912
0.59873
0.57358
0.52197
0.44638
0.35302
0.25094
0.14993
0.056825
-0.026292
-0.096865
-0.14826
-0.17695
-0.18917
-0.19765
-0.21335
-0.23782
-0.26364
-0.28281
-0.29194
-0.29137
-0.28323
-0.26985
-0.25459
-0.24334
-0.24054
-0.24447
-0.2509
-0.25929
-0.27211
-0.2892
-0.30485
-0.31131
-0.30617
-0.29423
-0.28067
-0.26629
-0.25042
-0.23453
-0.22315
-0.22253
-0.2362
-0.26323
-0.30017
-0.33983
-0.37077
-0.38481
-0.3836
-0.37683
-0.37666
-0.3901
-0.41185
-0.4291
-0.43272
-0.41966
-0.39201
-0.35899
-0.33326
-0.32256
-0.32636
-0.33693
-0.34255
-0.33412
-0.30982
-0.274
-0.23428
-0.19828
-0.16942
-0.14681
-0.1288
-0.11391
-0.099225
-0.080667
-0.051115
0.0021183
0.085853
0.18429
0.26558
0.3071
0.30625
0.27068
0.21026
0.13785
0.067446
0.0094609
-0.030427
-0.049844
-0.049668
-0.037033
-0.026577
-0.034865
-0.071111
-0.12865
-0.18384
-0.21076
-0.20075
-0.16524
-0.12243
-0.08366
-0.049876
-0.017199
0.019572
0.069026
0.13755
0.21967
0.30219
0.37507
0.43201
0.46683
0.47681
0.46677
0.44691
0.42825
0.41848
0.41631
0.40871
0.37963
0.32625
0.26329
0.20856
0.1684
0.13882
0.11586
0.099638
0.087988
0.0735
0.049956
0.016141
-0.023736
-0.057775
-0.071798
-0.05997
-0.026781
0.017249
0.060786
0.097019
0.12407
0.14146
0.14913
0.14695
0.1321
0.099788
0.048848
-0.013446
-0.073266
-0.11761
-0.14112
-0.14834
-0.15088
-0.16069
-0.18255
-0.21099
-0.23532
-0.24978
-0.25752
-0.26233
-0.26137
-0.25178
-0.23857
-0.23008
-0.2297
-0.23441
-0.23903
-0.23818
-0.22596
-0.19904
-0.15911
-0.11157
-0.063486
-0.020435
0.016913
0.050862
0.081858
0.1074
0.12394
0.13122
0.13626
0.14914
0.17436
0.2074
0.237
0.25034
0.24031
0.21161
0.1795
0.16124
0.1669
0.19274
0.22235
0.23906
0.23883
0.2307
0.22833
0.24159
0.27216
0.31342
0.35371
0.38398
0.40643
0.43383
0.47799
0.53849
0.60321
0.66118
0.71116
0.75412
0.78343
0.79003
0.7754
0.75268
0.73326
0.71899
0.70858
0.70105
0.68897
0.65821
0.59965
0.51873
0.43455
0.36969
0.33652
0.32921
0.32635
0.30367
0.24954
0.17007
0.08178
0.001138
-0.06434
-0.11856
-0.16914
-0.21873
-0.26405
-0.29882
-0.31843
-0.32587
-0.3321
-0.347
-0.36942
-0.39017
-0.40614
-0.42535
-0.45554
-0.49343
-0.52643
-0.54155
-0.53273
-0.50334
-0.46588
-0.43661
-0.42421
-0.42355
-0.42258
-0.4125
-0.39137
-0.36344
-0.33728
-0.32154
-0.31891
-0.32378
-0.32602
-0.31772
-0.29848
-0.27511
-0.2539
-0.23488
-0.21593
-0.1968
-0.17678
-0.154
-0.12826
-0.10173
-0.076705
-0.054565
-0.039165
-0.037967
-0.054457
-0.081768
-0.10836
-0.1253
-0.12622
-0.10837
-0.076608
-0.042367
-0.016661
-0.0014643
0.012731
0.037896
0.076303
0.11875
0.15375
0.17575
0.18427
0.18041
0.16835
0.15473
0.14054
0.11921
0.087253
0.050707
0.015704
-0.022443
-0.075019
-0.14743
-0.23348
-0.3182
-0.38511
-0.42477
-0.43824
-0.43345
-0.42039
-0.408
-0.40184
-0.40305
-0.40738
-0.4065
-0.39514
-0.3766
-0.35885
-0.34684
-0.34139
-0.34311
-0.35269
-0.36673
-0.37693
-0.37461
-0.35618
-0.3261
-0.29519
-0.27214
-0.25522
-0.23509
-0.20609
-0.17098
-0.13577
-0.10487
-0.081473
-0.064412
-0.044042
-0.010549
0.031546
0.063818
0.07099
0.055801
0.035967
0.027159
0.031316
0.041396
0.053025
0.066514
0.077911
0.075464
0.050195
0.0064362
-0.041789
-0.082554
-0.1131
-0.13639
-0.15168
-0.1518
-0.13124
-0.093389
-0.048541
-0.007916
0.021238
0.039538
0.0543
0.07397
0.10663
0.16034
0.23649
0.321
0.38826
0.41978
0.41866
0.40256
0.38522
0.36857
0.34952
0.32777
0.30597
0.28714
0.27422
0.26865
0.26749
0.26464
0.25557
0.24037
0.22292
0.20542
0.18336
0.15016
0.10582
0.056557
0.0085201
-0.032944
-0.060818
-0.071222
-0.070707
-0.070979
-0.077755
-0.088119
-0.093301
-0.083373
-0.053235
-0.0051435
0.051957
0.10357
0.13435
0.13758
0.12022
0.098261
0.088478
0.099107
0.12271
0.14066
0.13725
0.1095
0.065885
0.01827
-0.02441
-0.057794
-0.082082
-0.10144
-0.12177
-0.14514
-0.16522
-0.17471
-0.17602
-0.17537
-0.17048
-0.15258
-0.11714
-0.06947
-0.022611
0.011849
0.03307
0.049011
0.067132
0.089819
0.11626
0.14667
0.18366
0.22819
0.2756
0.31775
0.35118
0.38285
0.4229
0.4716
0.51777
0.547
0.55069
0.53274
0.50792
0.49202
0.49207
0.50356
0.51631
0.52208
0.51775
0.50675
0.49655
0.48993
0.48071
0.45882
0.41715
0.35627
0.28368
0.20775
0.13647
0.079081
0.039623
0.010643
-0.020601
-0.059398
-0.097466
-0.12236
-0.13466
-0.15005
-0.1828
-0.2335
-0.29174
-0.34357
-0.37841
-0.39644
-0.40761
-0.42221
-0.44579
-0.47834
-0.51317
-0.5404
-0.55302
-0.54712
-0.51983
-0.47293
-0.41783
-0.3719
-0.34861
-0.35094
-0.371
-0.39272
-0.39899
-0.38188
-0.34472
-0.29364
-0.23036
-0.15389
-0.06836
0.014079
0.083054
0.14067
0.19735
0.25993
0.32689
0.38942
0.43537
0.45768
0.45952
0.45098
0.44258
0.43983
0.44172
0.44304
0.43736
0.42003
0.39028
0.34986
0.30077
0.24533
0.18574
0.12436
0.065942
0.016666
-0.019115
-0.04061
-0.051838
-0.06139
-0.078852
-0.10811
-0.14346
-0.17442
-0.19233
-0.19321
-0.18086
-0.166
-0.15716
-0.15491
-0.15603
-0.15721
-0.15459
-0.14703
-0.13968
-0.13827
-0.14046
-0.13706
-0.12143
-0.097652
-0.078645
-0.074554
-0.085384
-0.10424
-0.12355
-0.13778
-0.14232
-0.13326
-0.11165
-0.085198
-0.062553
-0.046991
-0.035093
-0.019054
0.0073534
0.042079
0.074414
0.092866
0.094466
0.085581
0.072612
0.055158
0.030801
0.00087775
-0.031142
-0.061343
-0.085678
-0.10313
-0.11761
-0.13336
-0.14681
-0.14527
-0.11682
-0.061607
0.0049593
0.05879
0.080386
0.066173
0.030396
-0.0053144
-0.030172
-0.052289
-0.083767
-0.12242
-0.15724
-0.1849
-0.20829
-0.22531
-0.2306
-0.22487
-0.21584
-0.21104
-0.21082
-0.20679
-0.18964
-0.15946
-0.12209
-0.078422
-0.027937
0.02115
0.055748
0.069412
0.064068
0.043018
0.0093735
-0.027245
-0.04966
-0.045263
-0.016847
0.022502
0.06052
0.08793
0.097363
0.086553
0.059254
0.021381
-0.021165
-0.06265
-0.099797
-0.13385
-0.16842
-0.20573
-0.24518
-0.28365
-0.31476
-0.32743
-0.31156
-0.27162
-0.23018
-0.2104
-0.21504
-0.22356
-0.21117
-0.17186
-0.12099
-0.079527
-0.059466
-0.06038
-0.075635
-0.098744
-0.12382
-0.1445
-0.15345
-0.14329
-0.11261
-0.070797
-0.033759
-0.014046
-0.013193
-0.022733
-0.031254
-0.028873
-0.010599
0.019827
0.053808
0.08629
0.11547
0.13796
0.14983
0.1501
0.1423
0.13473
0.13736
0.15637
0.18936
0.22327
0.24116
0.23573
0.21252
0.18006
0.14372
0.10925
0.085665
0.080147
0.090712
0.10719
0.12077
0.1306
0.1412
0.15582
0.17235
0.18681
0.19983
0.21394
0.22599
0.22709
0.2084
0.16663
0.10728
0.041927
-0.019284
-0.070635
-0.10782
-0.12717
-0.12934
-0.12218
-0.11697
-0.11928
-0.12533
-0.12686
-0.11685
-0.093337
-0.06214
-0.033199
-0.012807
-0.0017916
0.0032704
0.012119
0.036929
0.081565
0.1391
0.19787
0.24462
0.26668
0.25834
0.22549
0.18223
0.14128
0.10668
0.075519
0.043463
0.0075258
-0.032767
-0.074844
-0.11436
-0.14757
-0.17244
-0.18943
-0.20391
-0.22672
-0.2666
-0.31907
-0.36795
-0.40298
-0.43187
-0.47001
-0.51959
-0.5627
-0.5781
-0.56105
-0.52059
-0.46415
-0.39457
-0.31658
-0.23783
-0.16783
-0.11876
-0.09767
-0.093764
-0.082307
-0.045312
0.014648
0.08033
0.13561
0.17716
0.21462
0.2585
0.30713
0.34839
0.37279
0.38181
0.38483
0.38887
0.39493
0.40411
0.41757
0.43145
0.44022
0.44027
0.42778
0.40315
0.3771
0.3616
0.35714
0.35655
0.35658
0.35734
0.35452
0.33941
0.30567
0.25385
0.19158
0.12963
0.075825
0.033647
0.0051972
-0.0086603
-0.01091
-0.0088139
-0.010091
-0.018657
-0.034181
-0.053578
-0.072488
-0.086311
-0.090007
-0.077595
-0.043326
0.013614
0.085777
0.16115
0.22902
0.28354
0.32458
0.35556
0.38092
0.4051
0.434
0.47515
0.52965
0.58416
0.61972
0.62857
0.61595
0.58939
0.55409
0.51468
0.47407
0.4316
0.38605
0.33956
0.2957
0.25473
0.21315
0.16823
0.12135
0.073573
0.020148
-0.041068
-0.096052
-0.12165
-0.10862
-0.069991
-0.026501
0.010932
0.045031
0.082208
0.11943
0.1426
0.14095
0.12135
0.10286
0.095975
0.091476
0.072879
0.035918
-0.0087397
-0.049674
-0.085959
-0.12385
-0.16668
-0.21118
-0.25247
-0.28874
-0.31901
-0.33718
-0.33379
-0.30917
-0.28085
-0.27098
-0.28889
-0.32801
-0.37382
-0.41319
-0.44228
-0.46898
-0.50621
-0.56192
-0.63432
-0.71193
-0.77744
-0.81813
-0.83563
-0.84189
-0.84559
-0.84812
-0.85038
-0.85598
-0.86759
-0.88125
-0.8851
-0.86694
-0.82361
-0.76353
-0.69929
-0.63741
-0.57873
-0.52544
-0.47972
-0.43768
-0.3906
-0.33255
-0.26494
-0.19429
-0.12613
-0.059756
0.0075176
0.067649
0.10357
0.10803
0.091463
0.072367
0.066715
0.081052
0.11061
0.14452
0.17312
0.19195
0.20246
0.21001
0.21779
0.22168
0.21427
0.19497
0.17502
0.16975
0.18364
0.20458
0.21491
0.20735
0.19045
0.17914
0.18055
0.19078
0.20375
0.21977
0.24508
0.28181
0.32086
0.35074
0.37143
0.39352
0.42382
0.45642
0.47932
0.48617
0.48088
0.47378
0.47258
0.47618
0.47687
0.46722
0.4446
0.40976
0.3638
0.31085
0.26057
0.21868
0.17781
0.12657
0.062963
-0.0051046
-0.066903
-0.11536
-0.14987
-0.17613
-0.20254
-0.23303
-0.26385
-0.28893
-0.30626
-0.31635
-0.31669
-0.3021
-0.27221
-0.23624
-0.20731
-0.19172
-0.18567
-0.18044
-0.16864
-0.1483
-0.12212
-0.093061
-0.063866
-0.039001
-0.021465
-0.0091551
0.0020927
0.013795
0.025816
0.039878
0.057572
0.077139
0.097007
0.1172
0.13394
0.14127
0.13991
0.13719
0.13849
0.14496
0.1578
0.17933
0.2092
0.24188
0.27038
0.28978
0.29623
0.29087
0.28687
0.30504
0.35899
0.4416
0.52164
0.56039
0.54172
0.48422
0.42289
0.38314
0.36931
0.36955
0.36775
0.35371
0.32784
0.2972
0.26384
0.22074
0.1622
0.090561
0.012593
-0.062471
-0.12475
-0.16952
-0.20033
-0.22721
-0.26034
-0.30167
-0.34401
-0.37885
-0.4032
-0.42001
-0.43381
-0.44612
-0.45446
-0.45454
-0.44331
-0.4224
-0.39788
-0.37428
-0.35239
-0.33437
-0.32326
-0.31618
-0.30534
-0.2843
-0.24987
-0.20285
-0.14659
-0.082462
-0.012743
0.054146
0.10882
0.14688
0.16878
0.18005
0.18831
0.19558
0.19787
0.19162
0.17575
0.15022
0.11791
0.08666
0.067295
0.068384
0.088108
0.11427
0.13671
0.15289
0.15868
0.1424
0.09404
0.0196
-0.057666
-0.11385
-0.14127
-0.14844
-0.14726
-0.14334
-0.13686
-0.12679
-0.11273
-0.098864
-0.096365
-0.11462
-0.14973
-0.18628
-0.21034
-0.21934
-0.2212
-0.22463
-0.23054
-0.23439
-0.23308
-0.22608
-0.2141
-0.19722
-0.17218
-0.13541
-0.08946
-0.044461
-0.013049
-0.0031976
-0.01401
-0.034913
-0.049133
-0.044278
-0.022486
0.0025651
0.018209
0.020089
0.010928
-0.0033589
-0.018138
-0.031903
-0.042607
-0.045484
-0.03828
-0.026714
-0.020346
-0.021521
-0.022127
-0.013965
0.0016354
0.016206
0.021271
0.011945
-0.011912
-0.044765
-0.075749
-0.093031
-0.090637
-0.070964
-0.04273
-0.019403
-0.016045
-0.041313
-0.090039
-0.14414
-0.18219
-0.19151
-0.17462
-0.14552
-0.11837
-0.097436
-0.077294
-0.051896
-0.020709
0.014052
0.052335
0.094587
0.135
0.16155
0.16685
0.15593
0.14048
0.12744
0.11342
0.089903
0.055599
0.021704
0.0031929
0.0057191
0.019193
0.023679
0.0061177
-0.029119
-0.067684
-0.096522
-0.10612
-0.090285
-0.04827
0.013826
0.0827
0.14013
0.17176
0.17592
0.16368
0.15144
0.15211
0.16916
0.19646
0.2247
0.24833
0.26517
0.27203
0.26619
0.25258
0.24352
0.24722
0.25852
0.26359
0.25351
0.23054
0.20143
0.16966
0.13578
0.10125
0.070833
0.050809
0.04485
0.054276
0.078852
0.11298
0.14397
0.15694
0.14451
0.11359
0.078273
0.046797
0.021707
0.0074165
0.0065015
0.012282
0.014577
0.0091778
-0.0028394
-0.021016
-0.048077
-0.086303
-0.13129
-0.17033
-0.18851
-0.17972
-0.15398
-0.13243
-0.13038
-0.14336
-0.15242
-0.14104
-0.10638
-0.062233
-0.030095
-0.018854
-0.018144
-0.013532
0.00049052
0.020319
0.037068
0.041193
0.029799
0.011152
-0.0023964
-0.0069595
-0.0089254
-0.01396
-0.019077
-0.016895
-0.0013559
0.031
0.078933
0.13476
0.18663
0.22318
0.23754
0.22933
0.2047
0.17326
0.14282
0.11685
0.096521
0.084989
0.088882
0.11225
0.1488
0.18379
0.20466
0.20714
0.1925
0.16468
0.13065
0.097953
0.07034
0.048044
0.030798
0.017696
0.0055591
-0.010483
-0.033972
-0.064237
-0.096985
-0.12731
-0.15128
-0.16572
-0.16902
-0.16283
-0.15128
-0.13823
-0.12547
-0.11265
-0.099875
-0.089774
-0.084461
-0.082452
-0.080299
-0.075662
-0.069288
-0.06425
-0.063275
-0.067583
-0.076461
-0.086088
-0.090878
-0.090052
-0.092159
-0.10732
-0.13598
-0.17069
-0.20575
-0.23985
-0.27228
-0.30248
-0.332
-0.36165
-0.38914
-0.41291
-0.43398
-0.45281
-0.46674
-0.47016
-0.45803
-0.43202
-0.40149
-0.37585
-0.35701
-0.33958
-0.318
-0.29253
-0.26661
-0.24044
-0.20961
-0.16896
-0.11812
-0.064545
-0.019129
0.012521
0.033965
0.054705
0.085033
0.13102
0.18878
0.2428
0.27321
0.26686
0.22507
0.16416
0.10809
0.077998
0.082196
0.11176
0.14814
0.17595
0.18909
0.18995
0.18777
0.19595
0.22385
0.26803
0.31528
0.35581
0.38979
0.42268
0.45663
0.48698
0.50925
0.52636
0.54324
0.55701
0.55783
0.53796
0.49804
0.44583
0.39015
0.33675
0.28689
0.23603
0.17609
0.10332
0.022612
-0.05539
-0.11867
-0.15585
-0.1592
-0.1324
-0.093616
-0.063319
-0.04902
-0.044342
-0.038972
-0.026466
-0.0058171
0.01987
0.045184
0.063076
0.066892
0.057323
0.045603
0.045833
0.063391
0.089302
0.10801
0.11242
0.10697
0.096587
0.080156
0.056928
0.032198
0.011386
-0.0065514
-0.024128
-0.03774
-0.040698
-0.03247
-0.022081
-0.021531
-0.035503
-0.057984
-0.07778
-0.085392
-0.075241
-0.044862
0.002232
0.051785
0.084207
0.088313
0.066244
0.027652
-0.015656
-0.054277
-0.088357
-0.1298
-0.18986
-0.26045
-0.31321
-0.32298
-0.29158
-0.24808
-0.22714
-0.24429
-0.28809
-0.33485
-0.36753
-0.37896
-0.36589
-0.32966
-0.28061
-0.23431
-0.19981
-0.17588
-0.16007
-0.15454
-0.16276
-0.18674
-0.22446
-0.26563
-0.29402
-0.2969
-0.27506
-0.24421
-0.22191
-0.21171
-0.20281
-0.18393
-0.15382
-0.11792
-0.081347
-0.048718
-0.023942
-0.0070478
0.003525
0.0072071
0.0031788
-0.0092952
-0.032943
-0.069335
-0.11288
-0.14912
-0.16093
-0.14019
-0.092252
-0.029442
0.035292
0.092471
0.13954
0.17468
0.18946
0.17932
0.15517
0.13145
0.10974
0.083186
0.04943
0.016421
-0.0012996
0.0036291
0.022713
0.041306
0.051262
0.05201
0.046545
0.036906
0.019893
-0.0087667
-0.045149
-0.078431
-0.102
-0.11946
-0.13949
-0.16762
-0.20385
-0.24275
-0.2738
-0.28806
-0.28599
-0.27359
-0.25232
-0.21889
-0.17497
-0.13179
-0.10051
-0.078571
-0.050213
-0.003381
0.056425
0.11158
0.1489
0.16714
0.17096
0.16464
0.15337
0.14438
0.14199
0.14364
0.14251
0.13233
0.11071
0.082398
0.059246
0.052425
0.063813
0.087088
0.11413
0.13728
0.14889
0.14315
0.12017
0.087387
0.055676
0.034551
0.029995
0.042056
0.063178
0.083173
0.096106
0.099974
0.09452
0.083394
0.074837
0.077364
0.095193
0.1271
0.16654
0.20215
0.22257
0.22373
0.2103
0.1913
0.17611
0.17081
0.17571
0.18984
0.21633
0.25739
0.30617
0.35039
0.38372
0.40928
0.4324
0.4542
0.47127
0.47716
0.46654
0.44205
0.41285
0.38167
0.33922
0.27558
0.19205
0.099433
0.0087312
-0.073396
-0.14159
-0.18956
-0.21435
-0.22037
-0.21675
-0.21256
-0.21328
-0.21789
-0.2216
-0.22335
-0.22842
-0.24205
-0.25936
-0.26358
-0.24087
-0.19736
-0.15604
-0.13711
-0.14563
-0.17432
-0.20893
-0.2318
-0.22968
-0.20279
-0.16379
-0.1266
-0.09694
-0.07324
-0.053781
-0.038856
-0.025971
-0.010203
0.0087888
0.025983
0.039161
0.053412
0.072356
0.087017
0.081224
0.051047
0.014104
-0.006232
-0.0041543
0.0052188
0.0019988
-0.022449
-0.061304
-0.099459
-0.12357
-0.12732
-0.11316
-0.092209
-0.078747
-0.079153
-0.086422
-0.086348
-0.067622
-0.031098
0.0057567
0.020953
0.010281
-0.0067158
-0.0055626
0.020281
0.057919
0.091561
0.11223
0.11721
0.10977
0.096737
0.082062
0.064214
0.040975
0.014233
-0.0106
-0.026999
-0.031592
-0.029159
-0.028396
-0.032185
-0.037251
-0.03916
-0.034041
-0.020123
0.0032426
0.038779
0.087021
0.13925
0.18073
0.20046
0.19746
0.18207
0.16984
0.16957
0.17847
0.18936
0.19785
0.20238
0.20193
0.19587
0.1855
0.17397
0.16317
0.15142
0.13406
0.10789
0.078222
0.057971
0.054275
0.061906
0.071269
0.073928
0.062735
0.036262
0.0022252
-0.028553
-0.050046
-0.059919
-0.055157
-0.034949
-0.0063745
0.016401
0.018691
-0.0081821
-0.06232
-0.12985
-0.19066
-0.22885
-0.24019
-0.23414
-0.228
-0.23442
-0.25395
-0.28026
-0.30821
-0.3343
-0.35423
-0.36345
-0.35815
-0.33522
-0.29381
-0.23917
-0.18474
-0.14601
-0.12766
-0.11661
-0.090378
-0.034594
0.044578
0.12334
0.17762
0.19985
0.20142
0.20118
0.21092
0.2301
0.25141
0.26831
0.27827
0.28086
0.27547
0.26285
0.24493
0.22146
0.19236
0.16397
0.14752
0.1493
0.1627
0.17014
0.15658
0.12185
0.077995
0.037791
0.007253
-0.015909
-0.039868
-0.071144
-0.10819
-0.14505
-0.17658
-0.19518
-0.1914
-0.16563
-0.13395
-0.11759
-0.12724
-0.15578
-0.18439
-0.19646
-0.18757
-0.16649
-0.14991
-0.15188
-0.17198
-0.1955
-0.20797
-0.20645
-0.19681
-0.18601
-0.17658
-0.16547
-0.14965
-0.13143
-0.11541
-0.10417
-0.10068
-0.10905
-0.12789
-0.1474
-0.15544
-0.14493
-0.11783
-0.084227
-0.056225
-0.042187
-0.046214
-0.068473
-0.10419
-0.14516
-0.18247
-0.20955
-0.22394
-0.22434
-0.20788
-0.17166
-0.11428
-0.039041
0.040827
0.10649
0.14946
0.18016
0.21606
0.26469
0.32039
0.37268
0.41444
0.44447
0.46615
0.48236
0.48951
0.48152
0.46148
0.44125
0.42727
0.41364
0.38976
0.35062
0.30112
0.25256
0.21344
0.1857
0.16856
0.15851
0.14626
0.12288
0.091514
0.067374
0.063707
0.081198
0.10931
0.13406
0.14796
0.15429
0.1605
0.17061
0.1844
0.19901
0.20867
0.2055
0.18505
0.15088
0.11049
0.069251
0.03207
0.0055109
-0.0075864
-0.012149
-0.017235
-0.029347
-0.048888
-0.073125
-0.10079
-0.13112
-0.15976
-0.17848
-0.18106
-0.16906
-0.14909
-0.12552
-0.10178
-0.085854
-0.086004
-0.10441
-0.13843
-0.18254
-0.22838
-0.26817
-0.29923
-0.32263
-0.33926
-0.35137
-0.36503
-0.3841
-0.40482
-0.42288
-0.44028
-0.45854
-0.47425
-0.48585
-0.49608
-0.50635
-0.513
-0.50999
-0.49672
-0.48041
-0.46731
-0.45758
-0.45096
-0.44942
-0.45104
-0.44617
-0.42295
-0.37683
-0.31555
-0.25548
-0.20956
-0.17833
-0.15396
-0.12829
-0.096278
-0.056573
-0.0099322
0.04161
0.093427
0.13989
0.17549
0.19397
0.19464
0.18883
0.19142
0.20704
0.22752
0.24186
0.24851
0.25517
0.26524
0.27156
0.26683
0.25474
0.24629
0.24604
0.24694
0.24025
0.22582
0.21027
0.19653
0.17901
0.15206
0.11962
0.090246
0.065691
0.041794
0.017535
-0.0027736
-0.013643
-0.013441
-0.006971
0.00030871
0.010523
0.028283
0.04838
0.058794
0.055066
0.043221
0.032643
0.031698
0.042076
0.053658
0.052273
0.033361
0.0064781
-0.010978
-0.006796
0.016417
0.045091
0.066151
0.075328
0.077932
0.083211
0.098991
0.12942
0.17358
0.22573
0.27793
0.32169
0.34737
0.34663
0.31881
0.2746
0.2336
0.21408
0.21982
0.23899
0.25461
0.25253
0.22652
0.1824
0.13397
0.094607
0.073462
0.072465
0.081785
0.085064
0.072816
0.045204
0.0036119
-0.051441
-0.1123
-0.16244
-0.19035
-0.19992
-0.19967
-0.18942
-0.16559
-0.13365
-0.10773
-0.098569
-0.10573
-0.12058
-0.13527
-0.1492
-0.16534
-0.18024
-0.18494
-0.176
-0.15799
-0.13736
-0.11858
-0.10026
-0.075826
-0.044668
-0.017441
-0.0053278
-0.0088515
-0.018926
-0.026336
-0.027951
-0.022573
-0.005441
0.027888
0.073363
0.11744
0.148
0.16491
0.17359
0.17476
0.169
0.16163
0.15609
0.15029
0.14099
0.12931
0.12329
0.13191
0.15342
0.17438
0.18276
0.17894
0.17185
0.16509
0.1494
0.11289
0.056632
-0.0046941
-0.054419
-0.083705
-0.097582
-0.11131
-0.13442
-0.16119
-0.17944
-0.18294
-0.17357
-0.15685
-0.13786
-0.12061
-0.11015
-0.11111
-0.12164
-0.13336
-0.14058
-0.14585
-0.15404
-0.16446
-0.16996
-0.16387
-0.14798
-0.13012
-0.11539
-0.10372
-0.091039
-0.071059
-0.042858
-0.015428
-0.00082904
-0.004076
-0.018834
-0.031815
-0.033416
-0.024538
-0.012253
-0.0023127
0.0016877
-0.0025581
-0.01375
-0.028121
-0.044865
-0.066041
-0.089382
-0.10542
-0.10488
-0.088166
-0.066926
-0.053497
-0.046686
-0.033191
-0.0059207
0.025519
0.044741
0.044012
0.030127
0.019471
0.027015
0.057032
0.10377
0.15885
0.21424
0.26036
0.28875
0.29895
0.29726
0.28755
0.27007
0.24821
0.22813
0.21247
0.20025
0.19005
0.18012
0.17199
0.17456
0.19462
0.22327
0.24171
0.23847
0.21532
0.18296
0.15388
0.13228
0.11016
0.076291
0.027374
-0.026652
-0.064348
-0.067134
-0.036828
0.0047783
0.032371
0.031835
0.0052116
-0.034601
-0.07328
-0.099087
-0.1042
-0.089701
-0.069005
-0.062539
-0.083096
-0.12302
-0.16056
-0.18071
-0.18546
-0.18428
-0.18039
-0.1697
-0.15075
-0.13167
-0.12581
-0.1393
-0.16214
-0.17418
-0.16186
-0.12712
-0.083074
-0.046346
-0.027723
-0.023524
-0.021293
-0.015471
-0.010552
-0.010353
-0.014002
-0.022008
-0.036435
-0.055904
-0.077917
-0.1029
-0.13084
-0.1582
-0.17997
-0.1919
-0.19313
-0.18807
-0.18379
-0.18625
-0.19732
-0.21311
-0.22764
-0.23959
-0.25484
-0.28128
-0.31815
-0.35101
-0.36209
-0.34684
-0.31622
-0.28512
-0.26232
-0.24636
-0.22817
-0.20223
-0.17068
-0.1349
-0.093705
-0.049475
-0.0074883
0.029916
0.066268
0.10844
0.15971
0.2163
0.27088
0.31567
0.34376
0.35258
0.34594
0.33048
0.31121
0.29191
0.27859
0.27706
0.28497
0.29197
0.28874
0.27217
0.2455
0.21669
0.1941
0.18105
0.17449
0.17026
0.16865
0.17054
0.17228
0.17062
0.16625
0.15655
0.13382
0.097157
0.060166
0.041486
0.048991
0.073
0.095091
0.10576
0.11062
0.11614
0.11622
0.10033
0.068321
0.029453
-0.0072171
-0.034577
-0.045056
-0.033853
-0.0050528
0.030059
0.060964
0.080462
0.083777
0.071575
0.051231
0.03116
0.015211
0.0037266
-0.0020906
0.0010176
0.013884
0.030139
0.040004
0.039302
0.032427
0.027718
0.03174
0.047133
0.070988
0.092011
0.09591
0.078695
0.050174
0.022639
-0.00065352
-0.024792
-0.053254
-0.083054
-0.10999
-0.1321
-0.147
-0.15089
-0.14071
-0.11791
-0.090638
-0.06823
-0.053434
-0.041888
-0.027624
-0.008667
0.010996
0.024241
0.026346
0.018796
0.0072061
-0.0037945
-0.01187
-0.015778
-0.014364
-0.0045553
0.01641
0.044979
0.073723
0.099249
0.12194
0.14108
0.1535
0.15482
0.14363
0.12567
0.1102
0.10078
0.090123
0.066661
0.028714
-0.011842
-0.041462
-0.054683
-0.054809
-0.052326
-0.060601
-0.089298
-0.14049
-0.20793
-0.27952
-0.3432
-0.39315
-0.43162
-0.46452
-0.49467
-0.51882
-0.53066
-0.52723
-0.51154
-0.48988
-0.46747
-0.44692
-0.43013
-0.41844
-0.41098
-0.40556
-0.39979
-0.39127
-0.37775
-0.35967
-0.34393
-0.3382
-0.33881
-0.33153
-0.30565
-0.26239
-0.20995
-0.15416
-0.095262
-0.033281
0.025201
0.069912
0.098271
0.11976
0.14697
0.1856
0.23348
0.28394
0.32803
0.35815
0.37132
0.36699
0.34567
0.31269
0.28002
0.26332
0.27615
0.32112
0.38685
0.45562
0.51171
0.54411
0.54896
0.53305
0.51045
0.49329
0.48703
0.49083
0.49729
0.49344
0.46755
0.41725
0.34927
0.27258
0.19463
0.12078
0.055471
0.0036192
-0.031221
-0.050446
-0.062125
-0.078154
-0.10582
-0.14058
-0.16959
-0.18508
-0.19185
-0.19769
-0.20305
-0.20544
-0.20657
-0.21001
-0.21775
-0.22937
-0.23943
-0.23909
-0.22263
-0.18942
-0.14287
-0.090121
-0.038326
0.0089514
0.047613
0.068187
0.063524
0.042739
0.028292
0.035643
0.061701
0.091238
0.10954
0.11352
0.11239
0.11532
0.12209
0.1271
0.1272
0.12397
0.11836
0.10638
0.086451
0.067825
0.061746
0.067049
0.073151
0.072382
0.062701
0.04472
0.021561
-0.0028704
-0.027473
-0.052217
-0.073601
-0.085509
-0.083366
-0.067345
-0.045582
-0.031068
-0.029934
-0.038003
-0.051587
-0.074371
-0.11101
-0.15903
-0.21003
-0.25458
-0.28261
-0.2844
-0.2574
-0.2107
-0.16133
-0.1251
-0.10714
-0.10026
-0.092927
-0.0773
-0.05123
-0.017868
0.014359
0.036142
0.046432
0.054687
0.070232
0.091328
0.10688
0.10614
0.08509
0.047061
0.001503
-0.040173
-0.073106
-0.10134
-0.12908
-0.15452
-0.17259
-0.18034
-0.17991
-0.17647
-0.17478
-0.179
-0.1908
-0.20659
-0.22093
-0.23286
-0.2454
-0.25735
-0.25855
-0.23966
-0.20626
-0.1768
-0.16569
-0.1714
-0.17804
-0.1683
-0.13899
-0.10247
-0.071017
-0.04586
-0.022029
0.0044553
0.035135
0.067877
0.096084
0.11169
0.11072
0.098561
0.088902
0.092674
0.1086
0.12798
0.1456
0.16151
0.17587
0.18804
0.19959
0.21482
0.23746
0.26579
0.29126
0.30583
0.31107
0.31669
0.33129
0.35689
0.38975
0.42219
0.44465
0.45107
0.44334
0.42836
0.41247
0.4
0.39497
0.40287
0.42807
0.46529
0.49774
0.5084
0.49223
0.45921
0.42781
0.4112
0.40642
0.39973
0.3835
0.36318
0.34804
0.33954
0.32935
0.30665
0.26563
0.20784
0.14146
0.077414
0.02209
-0.024853
-0.063922
-0.092269
-0.11024
-0.12591
-0.14888
-0.18343
-0.22832
-0.27942
-0.32974
-0.36884
-0.38888
-0.39091
-0.38083
-0.36305
-0.34018
-0.31617
-0.29785
-0.29155
-0.29924
-0.32
-0.35263
-0.39413
-0.43675
-0.46851
-0.48044
-0.47597
-0.46907
-0.47136
-0.48455
-0.49988
-0.50004
-0.47086
-0.41493
-0.34764
-0.28269
-0.22622
-0.18142
-0.15296
-0.14342
-0.14833
-0.15888
-0.16807
-0.17389
-0.17711
-0.17698
-0.17148
-0.15858
-0.13472
-0.098873
-0.061584
-0.041797
-0.048528
-0.069515
-0.081205
-0.06784
-0.032132
0.0097079
0.043226
0.06698
0.089862
0.11854
0.1496
0.17347
0.18061
0.16431
0.1268
0.08409
0.056801
0.054528
0.07351
0.10496
0.13715
0.15561
0.14967
0.11545
0.054732
-0.022761
-0.099389
-0.15801
-0.19513
-0.22474
-0.26218
-0.30598
-0.33933
-0.3459
-0.32346
-0.28327
-0.23824
-0.1939
-0.14905
-0.10143
-0.052853
-0.0091523
0.026465
0.056434
0.080719
0.091513
0.084411
0.070189
0.065831
0.076089
0.090381
0.094384
0.080555
0.052768
0.023585
0.0029538
-0.01014
-0.022782
-0.038845
-0.057064
-0.075166
-0.092788
-0.10843
-0.11708
-0.1172
-0.11475
-0.11411
-0.11182
-0.10277
-0.087168
-0.071938
-0.068331
-0.083268
-0.10966
-0.12864
-0.12378
-0.093835
-0.052619
-0.016266
0.0092787
0.030074
0.055568
0.087643
0.11934
0.14436
0.16267
0.17695
0.19055
0.20801
0.23085
0.25305
0.26367
0.25668
0.23832
0.21958
0.20189
0.1785
0.14944
0.12523
0.11643
0.12649
0.15165
0.18231
0.20645
0.21624
